#  nordDev  eastDev focusRo                       
-12.13   -30.76   347.10
-19.79   -19.57   456.46
4.67   -37.03   470.39
-5.72   -29.31   374.30
-11.50   -21.47   456.81
-39.25   -31.16   392.92
-47.13   -17.71   517.93
-21.80   -36.74   515.38
10.43   -38.11   507.07
-0.95   -26.92   350.44
-8.64   -17.76   403.79
10.93   -220.33   363.27
2.99   -206.77   79.03
2.83   -199.13   245.92
104.03   4.76   444.16
98.07   17.39   316.97
86.18   31.21   425.25
37.77   15.28   715.01
30.68   26.72   485.27
24.26   27.50   369.81
-4.33   -9.05   66.11
-11.17   7.27   241.46
-43.65   -26.72   613.76
-19.45   10.77   281.50
6.74   -34.27   430.85
-1.40   -19.28   416.40
24.11   -29.08   475.40
14.99   -10.86   386.53
7.53   5.48   100.48
-0.05   20.05   244.11
38.37   22.99   562.71
30.23   29.59   400.46
14.80   42.72   441.13
6.85   34.24   444.38
-17.51   -27.66   309.20
-23.26   -16.42   355.98
-27.68   -9.75   597.11
13.95   3.79   414.46
11.62   18.37   247.92
-1.30   30.71   354.02
32.48   0.52   702.45
24.07   3.80   440.84
19.45   14.70   218.45
11.46   23.05   300.12
22.81   48.96   678.01
-1.33   -40.89   505.35
-8.49   -29.45   518.55
-16.14   -21.59   538.60
-11.88   -31.63   432.99
-4.05   -44.78   490.63
-2.93   -9.56   227.97
3.56   -25.83   292.61
-2.71   8.61   146.23
3.82   -9.71   147.78
5.35   -5.20   120.39
13.59   -19.58   313.64
12.89   -19.13   278.95
23.78   -30.31   488.78
-15.36   -22.02   540.98
-10.52   -32.20   436.12
-1.41   -45.54   501.59
-1.27   16.96   238.77
5.66   0.83   74.29
12.47   -11.38   356.76
-27.95   -34.68   635.35
-20.65   -44.68   540.84
-4.28   9.60   256.49
2.66   -6.71   86.88
11.19   -19.60   350.35
-14.48   12.09   391.65
-7.70   0.54   104.06
0.66   -16.93   203.76
-12.62   -6.09   396.90
-6.42   -16.04   234.96
2.83   -32.59   350.77
-3.91   48.75   597.99
0.94   37.64   412.97
12.08   24.93   399.59
15.68   13.59   548.48
-103.58   102.08   642.45
-111.84   111.11   664.17
-100.91   -28.94   546.32
-110.17   -17.39   301.31
-119.12   -3.36   306.47
-126.10   7.72   566.07
27.89   0.12   692.74
24.30   4.58   414.16
15.25   16.39   204.37
5.50   29.25   376.79
-6.11   -33.74   342.71
-11.94   -17.02   266.24
-18.14   -3.72   489.75
-0.78   -10.56   208.66
-6.98   6.26   126.29
-19.47   18.71   435.15
-5.80   39.85   471.33
5.25   29.32   355.18
11.02   15.15   431.19
-0.69   15.92   220.41
7.21   -0.93   79.84
14.56   -15.17   370.83
-15.34   28.57   409.92
-5.53   15.24   246.60
-17.15   38.32   524.74
-6.50   26.06   371.39
-17.68   44.50   607.78
-6.85   43.79   539.48
23.22   5.60   606.38
19.39   11.38   391.14
13.20   23.13   271.75
4.42   38.43   408.18
21.66   -7.10   455.59
16.21   4.53   204.88
7.47   19.23   153.50
-5.54   14.16   223.60
-14.58   25.54   375.87
18.39   11.74   471.08
13.38   21.31   317.09
4.81   33.91   353.17
13.39   -7.01   343.77
6.01   3.28   105.09
-1.37   18.83   235.06
5.60   9.19   239.98
-1.61   22.42   244.93
-0.05   -16.63   216.85
-4.99   -3.27   84.70
-12.91   8.85   352.25
-5.49   -25.69   233.86
-13.88   -10.82   228.34
-19.44   -3.98   450.80
-20.74   -22.81   376.75
-12.02   -36.84   419.38
-16.81   -25.58   482.99
23.35   -8.75   489.68
16.93   1.61   215.36
9.78   17.63   131.63
13.35   -11.49   363.66
5.91   2.53   85.65
0.25   19.48   245.90
19.29   -1.51   441.86
12.22   7.70   201.25
5.96   25.53   249.32
17.02   -18.33   425.25
9.09   -5.52   135.52
3.97   12.23   171.04
18.92   25.03   546.38
10.01   34.76   451.42
2.00   45.73   519.90
21.61   26.04   509.62
13.99   38.53   444.89
15.54   4.86   434.41
10.25   17.79   262.67
2.17   32.09   342.89
-3.09   -14.84   199.63
-7.81   1.11   101.42
-41.66   14.10   544.55
-45.66   22.51   366.14
-54.00   35.62   360.95
10.11   5.88   481.11
5.91   16.44   296.23
-2.53   28.98   325.09
-28.48   14.26   408.30
11.31   37.11   535.15
1.99   47.13   544.90
30.16   19.25   537.02
24.84   27.73   366.44
25.85   27.72   568.04
20.76   36.53   456.79
31.04   13.09   528.77
26.28   23.11   331.01
10.02   44.08   548.20
25.38   2.90   318.06
1.82   -43.27   517.56
-9.24   -30.81   340.68
-17.59   -14.55   413.60
-23.87   -3.31   659.45
-393.34   347.93   730.37
21.48   -1.98   701.76
12.19   4.69   411.25
6.89   16.31   223.17
-4.08   33.08   418.96
-7.16   29.51   376.81
-5.63   -23.26   230.56
-10.86   -5.78   154.12
-14.89   7.44   414.83
7.27   -37.61   470.29
-2.70   -26.14   315.09
-8.00   -12.16   382.74
-1.07   -47.90   536.41
-9.98   -34.90   439.08
-16.77   -21.53   519.31
32.44   25.45   686.00
25.72   34.69   536.96
18.50   45.69   520.00
14.52   -14.68   398.56
8.98   -3.61   102.43
0.30   11.89   205.67
-5.26   -40.15   448.95
-14.91   -28.22   307.64
-20.85   -17.12   438.56
-28.00   -9.95   681.91
-3.16   -44.28   473.37
-12.44   -28.99   386.56
-16.15   -17.65   534.92
-11.08   -46.95   508.78
-20.42   -33.83   482.88
-25.92   -25.05   650.80
-13.40   -47.33   519.95
-22.74   -34.18   508.88
-29.33   -25.08   682.95
1.54   -53.48   638.39
-7.24   -41.51   571.95
44.38   14.21   582.48
4.23   -34.09   428.51
-6.62   -20.95   227.17
-14.67   -8.60   322.39
-20.41   -1.06   571.69
2.74   -26.00   349.74
-6.67   -13.10   116.32
-15.80   0.60   297.85
-22.70   6.89   580.92
1.14   -37.44   427.05
-9.69   -25.20   268.58
-16.85   -12.95   380.93
-22.85   -5.40   622.43
-13.32   118.67   479.37
-8.25   -115.93   435.12
-13.82   -105.93   533.19
8.03   -164.26   524.29
-13.55   91.35   535.23
-8.06   -35.41   394.54
-15.27   -24.73   456.84
11.67   -14.79   416.88
1.47   -6.23   123.97
-7.17   9.74   184.40
-14.30   18.06   471.27
14.49   -14.90   442.53
4.10   -6.09   149.40
-3.75   10.06   161.07
-11.55   19.03   448.87
12.10   -45.79   577.19
2.73   -35.57   488.47
12.89   12.74   421.13
5.87   23.60   291.41
-3.88   35.50   427.61
20.39   36.17   581.26
13.10   44.35   523.40
21.22   -15.24   370.56
10.09   -3.82   99.38
-25.20   25.29   308.81
-35.62   38.06   148.64
9.90   -45.67   239.46
4.50   -37.20   518.84
4.26   -44.06   523.07
-4.74   -33.73   472.88
16.30   33.34   518.53
7.52   43.61   520.87
19.15   3.14   445.17
12.97   11.59   225.01
7.88   25.05   274.91
11.49   -8.33   346.73
4.37   2.71   77.28
0.01   17.24   252.32
-15.61   -45.20   509.64
-24.00   -34.95   517.50
-31.45   -23.87   655.81
-13.83   -44.63   500.77
-22.34   -33.46   497.98
-29.27   -23.28   631.20
-12.28   -39.94   484.99
-21.55   -29.39   517.18
-0.75   -27.77   397.01
-10.18   -19.59   208.63
-16.26   -8.06   331.55
-22.92   -5.06   573.93
7.36   -16.51   404.46
0.49   -9.36   119.32
-7.16   4.75   188.01
-15.04   9.97   461.34
11.59   11.01   376.43
5.13   21.71   280.32
-4.41   31.35   411.06
19.72   45.28   619.79
8.09   16.23   299.96
0.62   26.10   313.56
16.55   0.73   398.19
10.47   4.85   148.36
1.56   14.70   215.72
6.90   1.54   280.03
0.25   10.68   130.09
-9.39   18.27   338.34
9.77   -12.34   314.80
1.63   -3.05   33.82
-6.22   6.90   263.11
-3.33   -34.14   415.66
-13.57   -23.18   289.37
-18.92   -14.52   402.99
-25.35   -9.45   627.36
-15.67   -39.44   441.98
-21.30   -30.22   470.74
-27.42   -22.81   631.21
5.91   -51.48   627.28
-1.54   -42.94   565.39
92.96   -149.96   555.80
-24.97   72.88   64.17
-34.09   83.70   223.52
190.57   90.61   524.96
-43.51   -20.06   302.98
-49.93   -9.83   162.43
-59.22   0.24   367.32
-205.95   78.70   342.81
124.60   -17.36   373.25
115.47   -9.40   403.16
15.34   3.03   389.71
8.63   10.86   182.78
1.09   21.98   294.05
-0.98   -32.22   371.46
-10.33   -23.31   292.05
-16.20   -10.63   446.38
21.45   -5.03   457.11
13.63   2.36   187.42
7.82   15.99   171.45
23.48   29.93   531.99
15.70   34.38   448.69
-7.59   -44.59   515.05
-14.29   -31.04   530.00
9.32   41.86   535.67
18.75   -12.43   491.40
9.51   -1.92   141.89
6.07   7.71   191.27
30.73   43.04   650.57
15.93   -9.90   397.09
8.29   -3.50   105.00
0.55   9.80   202.46
33.32   13.86   633.66
25.08   19.59   413.14
19.17   26.41   322.83
2.18   -16.21   266.18
-5.68   -6.27   117.13
-12.57   1.90   349.31
269.01   296.69   597.60
46.69   6.68   512.49
38.87   6.96   259.04
31.89   17.99   203.82
-66.60   11.09   350.89
-14.43   -44.13   573.02
6.12   44.64   550.04
1.33   -41.96   530.50
20.30   -0.15   445.25
14.67   3.25   192.22
8.50   16.87   177.57
-4.60   -39.35   475.49
-11.36   -32.79   472.95
-15.13   -35.02   417.23
-21.37   -28.17   442.06
-28.41   -21.45   590.44
13.53   -11.52   209.15
11.98   1.21   236.18
4.52   11.36   116.29
28.45   40.27   609.69
23.42   26.63   571.23
16.41   33.89   473.55
7.74   41.87   512.12
23.34   7.44   595.91
18.78   13.66   388.71
12.75   22.28   290.64
3.06   32.51   405.67
-6.93   -37.09   450.36
-15.43   -29.74   396.92
-19.10   -19.91   526.52
12.34   42.19   544.55
-10.32   -4.80   141.64
16.80   3.67   281.05
9.14   8.39   108.45
4.73   -7.96   276.96
1.49   7.23   108.07
-8.95   21.88   336.13
7.63   46.01   586.06
-8.56   -48.20   615.65
-18.71   -43.94   622.28
31.22   8.54   616.80
24.45   19.70   398.98
18.77   30.28   296.24
16.35   -33.52   469.36
16.00   -0.95   457.51
7.34   -0.58   181.50
-0.64   12.76   128.81
-8.10   7.31   394.09
-5.20   -23.38   253.02
-14.63   -12.72   265.32
-21.73   -8.67   475.96
15.73   0.31   460.23
7.77   3.44   194.01
1.49   6.21   135.22
-7.73   14.34   404.40
18.52   18.90   408.08
12.74   26.33   307.92
-6.46   -50.75   517.55
-15.31   -38.26   481.34
-18.40   -20.02   587.23
44.49   22.24   619.82
20.73   -13.03   372.35
12.14   -5.73   103.31
3.60   -51.05   622.10
208.57   307.05   432.06
23.90   8.88   592.92
199.27   315.31   391.45
17.17   12.35   365.27
10.27   21.56   267.37
0.59   30.14   408.78
-5.31   -18.47   202.11
-11.77   -4.98   172.73
-19.84   0.93   441.33
-1.93   -21.77   280.64
-9.85   -11.99   181.13
105.33   -146.97   247.02
-14.71   -1.75   408.63
10.87   -11.27   343.08
2.73   -5.43   56.98
20.83   0.23   452.84
14.57   5.44   198.08
6.94   17.86   189.71
12.92   -5.26   333.91
5.03   1.64   61.81
-5.24   13.10   246.69
6.64   -31.47   382.54
-3.85   -17.53   247.29
-9.78   -9.98   371.46
2.32   -38.70   456.84
-6.81   -28.40   439.07
-6.27   -52.64   658.52
112.08   -2.87   442.11
106.07   0.33   161.95
-176.89   -12.42   221.77
-12.13   -40.83   458.12
-21.32   -26.96   435.00
-27.11   -17.14   613.08
-13.99   -24.06   226.79
-20.91   -6.44   279.92
-25.85   4.00   563.72
20.20   -12.30   493.21
12.40   1.00   172.89
8.19   19.97   205.84
23.43   34.29   611.16
4.21   54.72   598.16
-8.75   44.29   563.53
-129.19   -23.40   292.26
133.08   10.86   143.48
-11.65   -41.87   541.08
39.01   -0.39   471.35
36.67   20.21   519.14
16.65   2.73   205.81
6.50   38.10   469.37
26.73   -2.90   332.27
51.63   5.63   635.75
33.52   -9.79   424.84
-22.93   -51.46   643.43
-31.38   -39.97   709.47
27.23   -10.48   655.64
20.49   -1.00   356.06
14.42   11.97   129.25
-1.36   26.05   330.92
3.04   -31.52   391.66
-3.83   -18.39   193.43
-11.91   -0.45   406.60
21.29   27.27   518.60
12.65   39.15   470.65
-14.50   -69.29   882.29
-1.69   -21.91   223.54
-10.45   -5.67   286.75
2.82   -42.23   478.47
-6.42   -29.04   454.18
30.27   -20.73   512.10
22.75   -12.83   185.57
-9.71   20.07   153.66
-431.15   350.74   664.18
436.89   -381.14   358.91
368.37   78.38   518.32
-331.98   -71.56   471.37
360.77   89.93   476.99
-344.12   -59.85   248.52
-15.50   -19.43   180.34
-21.76   -5.54   411.06
-6.16   57.20   708.00
45.59   17.95   609.67
36.88   22.35   533.90
30.47   36.60   589.50
27.44   69.69   925.62
23.40   -16.93   347.46
17.30   -3.36   211.56
-7.02   12.45   291.29
-0.89   -2.32   30.79
6.27   -16.04   295.98
-23.59   -43.89   618.73
-14.99   -3.81   414.52
-8.04   -16.81   227.15
-1.35   -31.05   320.52
-2.97   37.24   427.84
10.36   24.66   331.69
13.44   15.23   447.61
-20.17   4.74   363.54
-13.97   -10.73   101.48
1.10   -1.00   104.94
-7.17   13.50   203.29
3.87   -16.18   196.50
-3.19   1.51   157.37
24.13   16.73   476.32
18.66   28.98   338.10
-16.36   -45.65   600.96
-3.24   -51.17   640.03
-1.12   -9.60   190.50
-7.53   5.43   109.02
-13.17   16.60   397.98
40.48   390.94   459.23
-26.94   -14.91   335.78
13.14   -20.93   337.27
